00002.1
00005.355
00006.1
00007.1
00009.1
00010.1
00013.319
00027.4
00030.1
00038.1
00042.31
00043.4
00048.4
00058.274
00060.10
00062.7
00073.4
00074.4
00076.1
00081.7
00089.20
00090.1
00094.1
00096.220
00098.4
00100.31
00109.1
00111.4
00123.1
00124.4
00130.1
00132.1
00133.197
00134.1
00135.1
00140.4
00150.1
00153.6
00158.4
00161.4
00163.1
00164.15
00165.1
00166.1
00176.1
00177.4
00179.1
00182.1
00186.28
00188.4
00193.18
00203.4
00207.1
00213.1
00215.1
00216.1
00226.16
00229.1
00232.4
00235.43
00240.4
00243.1
00249.1
00254.1
00256.1
00260.4
00261.12
00269.1
00272.219
00277.1
00280.214
00281.1
00283.1
00284.301
00286.10
00289.1
00293.1
00296.7
00300.46
00301.1
00303.4
00306.7
00309.15
00316.1
00317.1
00320.4
00321.1
00328.34
00330.1
00333.4
00339.1
00347.5
00352.1
00354.4
00357.202
00359.1
00361.11
00362.4
00363.1
00364.6
00370.20
00371.17
00373.4
00385.1
00387.38
00388.46
00389.1
00395.7
00396.1
00397.1
00399.4
00408.4
00411.1
00415.1
00424.4
00426.1
00428.10
00430.1
00431.1
00434.1
00436.4
00444.4
00448.22
00450.4
00455.7
00458.1
00460.4
00467.5
00471.1
00472.11
00473.42
00476.1
00477.22
00484.355
00487.4
00488.1
00489.1
00491.1
00492.1
00498.4
00505.10
00510.15
00511.19
00512.12
00517.1
00518.1
00524.4
00525.4
00528.1
00530.17
00531.26
00533.10
00538.4
00540.4
00543.1
00550.5
00551.10
00559.5
00560.10
00562.8
00564.4
00565.16
00566.21
00576.49
00578.4
00582.1
00584.4
00589.1
00590.12
00595.1
00598.4
00602.7
00605.4
00606.4
00610.1
00613.12
00615.7
00620.4
00621.1
00626.1
00628.4
00632.8
00633.4
00640.1
00641.1
00646.7
01260.4
